3.00300e+00   -7.79726e-04
3.00400e+00   -7.79944e-04
3.00500e+00   -7.80166e-04
3.00600e+00   -7.80381e-04
3.00700e+00   -7.80587e-04
3.00800e+00   -7.80773e-04
3.00900e+00   -7.80935e-04
3.01000e+00   -7.81060e-04
3.01100e+00   -7.81143e-04
3.01200e+00   -7.81170e-04
3.01300e+00   -7.81135e-04
3.01400e+00   -7.81024e-04
3.01500e+00   -7.80832e-04
3.01600e+00   -7.80546e-04
3.01700e+00   -7.80162e-04
3.01800e+00   -7.79674e-04
3.01900e+00   -7.79079e-04
3.02000e+00   -7.78383e-04
3.02100e+00   -7.77593e-04
3.02200e+00   -7.76723e-04
3.02300e+00   -7.75816e-04
3.02400e+00   -7.74873e-04
3.02500e+00   -7.73907e-04
3.02600e+00   -7.72972e-04
3.02700e+00   -7.72064e-04
3.02800e+00   -7.71241e-04
3.02900e+00   -7.70515e-04
3.03000e+00   -7.69922e-04
3.03100e+00   -7.69491e-04
3.03200e+00   -7.69249e-04
3.03300e+00   -7.69206e-04
3.03400e+00   -7.69374e-04
3.03500e+00   -7.69747e-04
3.03600e+00   -7.70320e-04
3.03700e+00   -7.71085e-04
3.03800e+00   -7.72012e-04
3.03900e+00   -7.73083e-04
3.04000e+00   -7.74289e-04
3.04100e+00   -7.75575e-04
3.04200e+00   -7.76918e-04
3.04300e+00   -7.78302e-04
3.04400e+00   -7.79699e-04
3.04500e+00   -7.81076e-04
3.04600e+00   -7.82400e-04
3.04700e+00   -7.83653e-04
3.04800e+00   -7.84825e-04
3.04900e+00   -7.85893e-04
3.05000e+00   -7.86827e-04
3.05100e+00   -7.87638e-04
3.05200e+00   -7.88317e-04
3.05300e+00   -7.88845e-04
3.05400e+00   -7.89232e-04
3.05500e+00   -7.89480e-04
3.05600e+00   -7.89589e-04
3.05700e+00   -7.89579e-04
3.05800e+00   -7.89457e-04
3.05900e+00   -7.89245e-04
3.06000e+00   -7.88968e-04
3.06100e+00   -7.88645e-04
3.06200e+00   -7.88302e-04
3.06300e+00   -7.87964e-04
3.06400e+00   -7.87649e-04
3.06500e+00   -7.87385e-04
3.06600e+00   -7.87192e-04
3.06700e+00   -7.87078e-04
3.06800e+00   -7.87047e-04
3.06900e+00   -7.87114e-04
3.07000e+00   -7.87248e-04
3.07100e+00   -7.87461e-04
3.07200e+00   -7.87823e-04
3.07300e+00   -7.88156e-04
3.07400e+00   -7.88574e-04
3.07500e+00   -7.88995e-04
3.07600e+00   -7.89424e-04
3.07700e+00   -7.89832e-04
3.07800e+00   -7.90207e-04
3.07900e+00   -7.90523e-04
3.08000e+00   -7.90781e-04
3.08100e+00   -7.90963e-04
3.08200e+00   -7.91073e-04
3.08300e+00   -7.91108e-04
3.08400e+00   -7.91077e-04
3.08500e+00   -7.90988e-04
3.08600e+00   -7.90845e-04
3.08700e+00   -7.90666e-04
3.08800e+00   -7.90462e-04
3.08900e+00   -7.90244e-04
3.09000e+00   -7.90028e-04
3.09100e+00   -7.89823e-04
3.09200e+00   -7.89641e-04
3.09300e+00   -7.89489e-04
3.09400e+00   -7.89379e-04
3.09500e+00   -7.89310e-04
3.09600e+00   -7.89293e-04
3.09700e+00   -7.89327e-04
3.09800e+00   -7.89410e-04
3.09900e+00   -7.89542e-04
3.10000e+00   -7.89723e-04
3.10100e+00   -7.89949e-04
3.10200e+00   -7.90215e-04
3.10300e+00   -7.90521e-04
3.10400e+00   -7.90855e-04
3.10500e+00   -7.91223e-04
3.10600e+00   -7.91612e-04
3.10700e+00   -7.92026e-04
3.10800e+00   -7.92467e-04
3.10900e+00   -7.92926e-04
3.11000e+00   -7.93408e-04
3.11100e+00   -7.93913e-04
3.11200e+00   -7.94445e-04
3.11300e+00   -7.95002e-04
3.11400e+00   -7.95587e-04
3.11500e+00   -7.96203e-04
3.11600e+00   -7.96846e-04
3.11700e+00   -7.97515e-04
3.11800e+00   -7.98209e-04
3.11900e+00   -7.98927e-04
3.12000e+00   -7.99660e-04
3.12100e+00   -8.00397e-04
3.12200e+00   -8.01138e-04
3.12300e+00   -8.01879e-04
3.12400e+00   -8.02602e-04
3.12500e+00   -8.03317e-04
3.12600e+00   -8.04009e-04
3.12700e+00   -8.04677e-04
3.12800e+00   -8.05319e-04
3.12900e+00   -8.05932e-04
3.13000e+00   -8.06514e-04
3.13100e+00   -8.07066e-04
3.13200e+00   -8.07590e-04
3.13300e+00   -8.08090e-04
3.13400e+00   -8.08559e-04
3.13500e+00   -8.09005e-04
3.13600e+00   -8.09422e-04
3.13700e+00   -8.09813e-04
3.13800e+00   -8.10180e-04
3.13900e+00   -8.10521e-04
3.14000e+00   -8.10830e-04
3.14100e+00   -8.11110e-04
3.14200e+00   -8.11364e-04
3.14300e+00   -8.11588e-04
3.14400e+00   -8.11774e-04
3.14500e+00   -8.11932e-04
3.14600e+00   -8.12056e-04
3.14700e+00   -8.12146e-04
3.14800e+00   -8.12204e-04
3.14900e+00   -8.12234e-04
3.15000e+00   -8.12235e-04
3.15100e+00   -8.12210e-04
3.15200e+00   -8.12161e-04
3.15300e+00   -8.12090e-04
3.15400e+00   -8.11997e-04
3.15500e+00   -8.11888e-04
3.15600e+00   -8.11764e-04
3.15700e+00   -8.11628e-04
3.15800e+00   -8.11482e-04
3.15900e+00   -8.11331e-04
3.16000e+00   -8.11177e-04
3.16100e+00   -8.11018e-04
3.16200e+00   -8.10862e-04
3.16300e+00   -8.10710e-04
3.16400e+00   -8.10566e-04
3.16500e+00   -8.10425e-04
3.16600e+00   -8.10293e-04
3.16700e+00   -8.10172e-04
3.16800e+00   -8.10054e-04
3.16900e+00   -8.09945e-04
3.17000e+00   -8.09842e-04
3.17100e+00   -8.09742e-04
3.17200e+00   -8.09643e-04
3.17300e+00   -8.09542e-04
3.17400e+00   -8.09439e-04
3.17500e+00   -8.09325e-04
3.17600e+00   -8.09202e-04
3.17700e+00   -8.09063e-04
3.17800e+00   -8.08907e-04
3.17900e+00   -8.08730e-04
3.18000e+00   -8.08535e-04
3.18100e+00   -8.08318e-04
3.18200e+00   -8.08079e-04
3.18300e+00   -8.07818e-04
3.18400e+00   -8.07536e-04
3.18500e+00   -8.07232e-04
3.18600e+00   -8.06903e-04
3.18700e+00   -8.06550e-04
3.18800e+00   -8.06168e-04
3.18900e+00   -8.05754e-04
3.19000e+00   -8.05305e-04
3.19100e+00   -8.04818e-04
3.19200e+00   -8.04282e-04
3.19300e+00   -8.03701e-04
3.19400e+00   -8.03056e-04
3.19500e+00   -8.02353e-04
3.19600e+00   -8.01580e-04
3.19700e+00   -8.00733e-04
3.19800e+00   -7.99815e-04
3.19900e+00   -7.98816e-04
3.20000e+00   -7.97753e-04
3.20100e+00   -7.96612e-04
3.20200e+00   -7.95415e-04
3.20300e+00   -7.94146e-04
3.20400e+00   -7.92828e-04
3.20500e+00   -7.91460e-04
3.20600e+00   -7.90058e-04
3.20700e+00   -7.88626e-04
3.20800e+00   -7.87173e-04
3.20900e+00   -7.85708e-04
3.21000e+00   -7.84241e-04
3.21100e+00   -7.82773e-04
3.21200e+00   -7.81314e-04
3.21300e+00   -7.79867e-04
3.21400e+00   -7.78445e-04
3.21500e+00   -7.77044e-04
3.21600e+00   -7.75665e-04
3.21700e+00   -7.74315e-04
3.21800e+00   -7.73005e-04
3.21900e+00   -7.71718e-04
3.22000e+00   -7.70464e-04
3.22100e+00   -7.69246e-04
3.22200e+00   -7.68061e-04
3.22300e+00   -7.66912e-04
3.22400e+00   -7.65799e-04
3.22500e+00   -7.64726e-04
3.22600e+00   -7.63689e-04
3.22700e+00   -7.62690e-04
3.22800e+00   -7.61729e-04
3.22900e+00   -7.60808e-04
3.23000e+00   -7.59928e-04
3.23100e+00   -7.59086e-04
3.23200e+00   -7.58284e-04
3.23300e+00   -7.57524e-04
3.23400e+00   -7.56800e-04
3.23500e+00   -7.56111e-04
3.23600e+00   -7.55457e-04
3.23700e+00   -7.54832e-04
3.23800e+00   -7.54235e-04
3.23900e+00   -7.53663e-04
3.24000e+00   -7.53112e-04
3.24100e+00   -7.52577e-04
3.24200e+00   -7.52059e-04
3.24300e+00   -7.51551e-04
3.24400e+00   -7.51052e-04
3.24500e+00   -7.50560e-04
3.24600e+00   -7.50071e-04
3.24700e+00   -7.49583e-04
3.24800e+00   -7.49093e-04
3.24900e+00   -7.48604e-04
3.25000e+00   -7.48108e-04
3.25100e+00   -7.47609e-04
3.25200e+00   -7.47107e-04
3.25300e+00   -7.46601e-04
3.25400e+00   -7.46089e-04
3.25500e+00   -7.45570e-04
3.25600e+00   -7.45051e-04
3.25700e+00   -7.44529e-04
3.25800e+00   -7.44006e-04
3.25900e+00   -7.43481e-04
3.26000e+00   -7.42959e-04
3.26100e+00   -7.42443e-04
3.26200e+00   -7.41928e-04
3.26300e+00   -7.41421e-04
3.26400e+00   -7.40923e-04
3.26500e+00   -7.40437e-04
3.26600e+00   -7.39968e-04
3.26700e+00   -7.39516e-04
3.26800e+00   -7.39085e-04
3.26900e+00   -7.38679e-04
3.27000e+00   -7.38302e-04
3.27100e+00   -7.37956e-04
3.27200e+00   -7.37646e-04
3.27300e+00   -7.37373e-04
3.27400e+00   -7.37138e-04
3.27500e+00   -7.36947e-04
3.27600e+00   -7.36798e-04
3.27700e+00   -7.36697e-04
3.27800e+00   -7.36643e-04
3.27900e+00   -7.36636e-04
3.28000e+00   -7.36677e-04
3.28100e+00   -7.36764e-04
3.28200e+00   -7.36901e-04
3.28300e+00   -7.37080e-04
3.28400e+00   -7.37309e-04
3.28500e+00   -7.37577e-04
3.28600e+00   -7.37883e-04
3.28700e+00   -7.38231e-04
3.28800e+00   -7.38615e-04
3.28900e+00   -7.39023e-04
3.29000e+00   -7.39459e-04
3.29100e+00   -7.39916e-04
3.29200e+00   -7.40391e-04
3.29300e+00   -7.40872e-04
3.29400e+00   -7.41369e-04
3.29500e+00   -7.41869e-04
3.29600e+00   -7.42362e-04
3.29700e+00   -7.42850e-04
3.29800e+00   -7.43323e-04
3.29900e+00   -7.43783e-04
3.30000e+00   -7.44219e-04
3.30100e+00   -7.44630e-04
3.30200e+00   -7.45009e-04
3.30300e+00   -7.45357e-04
3.30400e+00   -7.45674e-04
3.30500e+00   -7.45955e-04
3.30600e+00   -7.46203e-04
3.30700e+00   -7.46416e-04
3.30800e+00   -7.46590e-04
3.30900e+00   -7.46725e-04
3.31000e+00   -7.46823e-04
3.31100e+00   -7.46884e-04
3.31200e+00   -7.46908e-04
3.31300e+00   -7.46893e-04
3.31400e+00   -7.46842e-04
3.31500e+00   -7.46751e-04
3.31600e+00   -7.46621e-04
3.31700e+00   -7.46451e-04
3.31800e+00   -7.46239e-04
3.31900e+00   -7.45983e-04
3.32000e+00   -7.45684e-04
3.32100e+00   -7.45340e-04
3.32200e+00   -7.44950e-04
3.32300e+00   -7.44514e-04
3.32400e+00   -7.44031e-04
3.32500e+00   -7.43506e-04
3.32600e+00   -7.42935e-04
3.32700e+00   -7.42321e-04
3.32800e+00   -7.41664e-04
3.32900e+00   -7.40970e-04
3.33000e+00   -7.40238e-04
3.33100e+00   -7.39470e-04
3.33200e+00   -7.38668e-04
3.33300e+00   -7.37837e-04
3.33400e+00   -7.36977e-04
3.33500e+00   -7.36094e-04
3.33600e+00   -7.35191e-04
3.33700e+00   -7.34267e-04
3.33800e+00   -7.33327e-04
3.33900e+00   -7.32379e-04
3.34000e+00   -7.31422e-04
3.34100e+00   -7.30459e-04
3.34200e+00   -7.29498e-04
3.34300e+00   -7.28537e-04
3.34400e+00   -7.27578e-04
3.34500e+00   -7.26630e-04
3.34600e+00   -7.25692e-04
3.34700e+00   -7.24770e-04
3.34800e+00   -7.23866e-04
3.34900e+00   -7.22985e-04
3.35000e+00   -7.22130e-04
3.35100e+00   -7.21304e-04
3.35200e+00   -7.20510e-04
3.35300e+00   -7.19750e-04
3.35400e+00   -7.19028e-04
3.35500e+00   -7.18346e-04
3.35600e+00   -7.17707e-04
3.35700e+00   -7.17115e-04
3.35800e+00   -7.16573e-04
3.35900e+00   -7.16081e-04
3.36000e+00   -7.15641e-04
3.36100e+00   -7.15258e-04
3.36200e+00   -7.14932e-04
3.36300e+00   -7.14665e-04
3.36400e+00   -7.14456e-04
3.36500e+00   -7.14311e-04
3.36600e+00   -7.14225e-04
3.36700e+00   -7.14200e-04
3.36800e+00   -7.14235e-04
3.36900e+00   -7.14328e-04
3.37000e+00   -7.14478e-04
3.37100e+00   -7.14685e-04
3.37200e+00   -7.14942e-04
3.37300e+00   -7.15243e-04
3.37400e+00   -7.15589e-04
3.37500e+00   -7.15973e-04
3.37600e+00   -7.16388e-04
3.37700e+00   -7.16827e-04
3.37800e+00   -7.17289e-04
3.37900e+00   -7.17754e-04
3.38000e+00   -7.18234e-04
3.38100e+00   -7.18707e-04
3.38200e+00   -7.19169e-04
3.38300e+00   -7.19610e-04
3.38400e+00   -7.20011e-04
3.38500e+00   -7.20392e-04
3.38600e+00   -7.20721e-04
3.38700e+00   -7.21013e-04
3.38800e+00   -7.21244e-04
3.38900e+00   -7.21402e-04
3.39000e+00   -7.21515e-04
3.39100e+00   -7.21557e-04
3.39200e+00   -7.21541e-04
3.39300e+00   -7.21457e-04
3.39400e+00   -7.21323e-04
3.39500e+00   -7.21139e-04
3.39600e+00   -7.20907e-04
3.39700e+00   -7.20643e-04
3.39800e+00   -7.20351e-04
3.39900e+00   -7.20046e-04
3.40000e+00   -7.19734e-04
3.40100e+00   -7.19422e-04
3.40200e+00   -7.19119e-04
3.40300e+00   -7.18832e-04
3.40400e+00   -7.18567e-04
3.40500e+00   -7.18335e-04
3.40600e+00   -7.18129e-04
3.40700e+00   -7.17959e-04
3.40800e+00   -7.17824e-04
3.40900e+00   -7.17724e-04
3.41000e+00   -7.17660e-04
3.41100e+00   -7.17631e-04
3.41200e+00   -7.17637e-04
3.41300e+00   -7.17682e-04
3.41400e+00   -7.17765e-04
3.41500e+00   -7.17892e-04
3.41600e+00   -7.18056e-04
3.41700e+00   -7.18264e-04
3.41800e+00   -7.18520e-04
3.41900e+00   -7.18820e-04
3.42000e+00   -7.19163e-04
3.42100e+00   -7.19549e-04
3.42200e+00   -7.19972e-04
3.42300e+00   -7.20427e-04
3.42400e+00   -7.20912e-04
3.42500e+00   -7.21410e-04
3.42600e+00   -7.21926e-04
3.42700e+00   -7.22447e-04
3.42800e+00   -7.22955e-04
3.42900e+00   -7.23445e-04
3.43000e+00   -7.23910e-04
3.43100e+00   -7.24336e-04
3.43200e+00   -7.24716e-04
3.43300e+00   -7.25047e-04
3.43400e+00   -7.25315e-04
3.43500e+00   -7.25523e-04
3.43600e+00   -7.25673e-04
3.43700e+00   -7.25761e-04
3.43800e+00   -7.25798e-04
3.43900e+00   -7.25791e-04
3.44000e+00   -7.25751e-04
3.44100e+00   -7.25687e-04
3.44200e+00   -7.25614e-04
3.44300e+00   -7.25545e-04
3.44400e+00   -7.25489e-04
3.44500e+00   -7.25462e-04
3.44600e+00   -7.25468e-04
3.44700e+00   -7.25519e-04
3.44800e+00   -7.25619e-04
3.44900e+00   -7.25768e-04
3.45000e+00   -7.25966e-04
3.45100e+00   -7.26213e-04
3.45200e+00   -7.26502e-04
3.45300e+00   -7.26825e-04
3.45400e+00   -7.27172e-04
3.45500e+00   -7.27535e-04
3.45600e+00   -7.27907e-04
3.45700e+00   -7.28277e-04
3.45800e+00   -7.28638e-04
3.45900e+00   -7.28976e-04
3.46000e+00   -7.29291e-04
3.46100e+00   -7.29576e-04
3.46200e+00   -7.29822e-04
3.46300e+00   -7.30025e-04
3.46400e+00   -7.30190e-04
3.46500e+00   -7.30307e-04
3.46600e+00   -7.30376e-04
3.46700e+00   -7.30403e-04
3.46800e+00   -7.30385e-04
3.46900e+00   -7.30324e-04
3.47000e+00   -7.30221e-04
3.47100e+00   -7.30081e-04
3.47200e+00   -7.29906e-04
3.47300e+00   -7.29701e-04
3.47400e+00   -7.29468e-04
3.47500e+00   -7.29212e-04
3.47600e+00   -7.28930e-04
3.47700e+00   -7.28626e-04
3.47800e+00   -7.28302e-04
3.47900e+00   -7.27957e-04
3.48000e+00   -7.27587e-04
3.48100e+00   -7.27201e-04
3.48200e+00   -7.26799e-04
3.48300e+00   -7.26379e-04
3.48400e+00   -7.25941e-04
3.48500e+00   -7.25489e-04
3.48600e+00   -7.25024e-04
3.48700e+00   -7.24553e-04
3.48800e+00   -7.24084e-04
3.48900e+00   -7.23617e-04
3.49000e+00   -7.23161e-04
3.49100e+00   -7.22725e-04
3.49200e+00   -7.22314e-04
3.49300e+00   -7.21938e-04
3.49400e+00   -7.21604e-04
3.49500e+00   -7.21318e-04
3.49600e+00   -7.21088e-04
3.49700e+00   -7.20916e-04
3.49800e+00   -7.20805e-04
3.49900e+00   -7.20761e-04
3.50000e+00   -7.20782e-04
3.50100e+00   -7.20870e-04
3.50200e+00   -7.21022e-04
3.50300e+00   -7.21236e-04
3.50400e+00   -7.21509e-04
3.50500e+00   -7.21834e-04
3.50600e+00   -7.22207e-04
3.50700e+00   -7.22623e-04
3.50800e+00   -7.23075e-04
3.50900e+00   -7.23560e-04
3.51000e+00   -7.24071e-04
3.51100e+00   -7.24600e-04
3.51200e+00   -7.25147e-04
3.51300e+00   -7.25704e-04
3.51400e+00   -7.26274e-04
3.51500e+00   -7.26847e-04
3.51600e+00   -7.27431e-04
3.51700e+00   -7.28018e-04
3.51800e+00   -7.28615e-04
3.51900e+00   -7.29222e-04
3.52000e+00   -7.29842e-04
3.52100e+00   -7.30476e-04
3.52200e+00   -7.31128e-04
3.52300e+00   -7.31797e-04
3.52400e+00   -7.32488e-04
3.52500e+00   -7.33201e-04
3.52600e+00   -7.33935e-04
3.52700e+00   -7.34696e-04
3.52800e+00   -7.35474e-04
3.52900e+00   -7.36267e-04
3.53000e+00   -7.37077e-04
3.53100e+00   -7.37893e-04
3.53200e+00   -7.38716e-04
3.53300e+00   -7.39535e-04
3.53400e+00   -7.40347e-04
3.53500e+00   -7.41149e-04
3.53600e+00   -7.41932e-04
3.53700e+00   -7.42692e-04
3.53800e+00   -7.43426e-04
3.53900e+00   -7.44134e-04
3.54000e+00   -7.44813e-04
3.54100e+00   -7.45466e-04
3.54200e+00   -7.46088e-04
3.54300e+00   -7.46687e-04
3.54400e+00   -7.47257e-04
3.54500e+00   -7.47815e-04
3.54600e+00   -7.48360e-04
3.54700e+00   -7.48893e-04
3.54800e+00   -7.49415e-04
3.54900e+00   -7.49944e-04
3.55000e+00   -7.50476e-04
3.55100e+00   -7.51014e-04
3.55200e+00   -7.51569e-04
3.55300e+00   -7.52139e-04
3.55400e+00   -7.52738e-04
3.55500e+00   -7.53368e-04
3.55600e+00   -7.54034e-04
3.55700e+00   -7.54741e-04
3.55800e+00   -7.55500e-04
3.55900e+00   -7.56315e-04
3.56000e+00   -7.57196e-04
3.56100e+00   -7.58145e-04
3.56200e+00   -7.59169e-04
3.56300e+00   -7.60271e-04
3.56400e+00   -7.61457e-04
3.56500e+00   -7.62723e-04
3.56600e+00   -7.64077e-04
3.56700e+00   -7.65516e-04
3.56800e+00   -7.67039e-04
3.56900e+00   -7.68644e-04
3.57000e+00   -7.70328e-04
3.57100e+00   -7.72101e-04
3.57200e+00   -7.73944e-04
3.57300e+00   -7.75872e-04
3.57400e+00   -7.77865e-04
3.57500e+00   -7.79934e-04
3.57600e+00   -7.82080e-04
3.57700e+00   -7.84294e-04
3.57800e+00   -7.86588e-04
3.57900e+00   -7.88952e-04
3.58000e+00   -7.91391e-04
3.58100e+00   -7.93904e-04
3.58200e+00   -7.96469e-04
3.58300e+00   -7.99117e-04
3.58400e+00   -8.01808e-04
3.58500e+00   -8.04556e-04
3.58600e+00   -8.07322e-04
3.58700e+00   -8.10070e-04
3.58800e+00   -8.12851e-04
3.58900e+00   -8.15597e-04
3.59000e+00   -8.18288e-04
3.59100e+00   -8.20927e-04
3.59200e+00   -8.23459e-04
3.59300e+00   -8.25904e-04
3.59400e+00   -8.28204e-04
3.59500e+00   -8.30391e-04
3.59600e+00   -8.32418e-04
3.59700e+00   -8.34297e-04
3.59800e+00   -8.36024e-04
3.59900e+00   -8.37586e-04
3.60000e+00   -8.38986e-04
3.60100e+00   -8.40238e-04
3.60200e+00   -8.41348e-04
3.60300e+00   -8.42299e-04
3.60400e+00   -8.43111e-04
3.60500e+00   -8.43777e-04
3.60600e+00   -8.44303e-04
3.60700e+00   -8.44691e-04
3.60800e+00   -8.44931e-04
3.60900e+00   -8.45031e-04
3.61000e+00   -8.44996e-04
3.61100e+00   -8.44813e-04
3.61200e+00   -8.44485e-04
3.61300e+00   -8.44010e-04
3.61400e+00   -8.43390e-04
3.61500e+00   -8.42622e-04
3.61600e+00   -8.41712e-04
3.61700e+00   -8.40655e-04
3.61800e+00   -8.39454e-04
3.61900e+00   -8.38115e-04
3.62000e+00   -8.36643e-04
3.62100e+00   -8.35047e-04
3.62200e+00   -8.33332e-04
3.62300e+00   -8.31505e-04
3.62400e+00   -8.29577e-04
3.62500e+00   -8.27555e-04
3.62600e+00   -8.25446e-04
3.62700e+00   -8.23260e-04
3.62800e+00   -8.21014e-04
3.62900e+00   -8.18723e-04
3.63000e+00   -8.16378e-04
3.63100e+00   -8.13999e-04
3.63200e+00   -8.11600e-04
3.63300e+00   -8.09190e-04
3.63400e+00   -8.06778e-04
3.63500e+00   -8.04374e-04
3.63600e+00   -8.01985e-04
3.63700e+00   -7.99620e-04
3.63800e+00   -7.97286e-04
3.63900e+00   -7.94994e-04
3.64000e+00   -7.92751e-04
3.64100e+00   -7.90565e-04
3.64200e+00   -7.88444e-04
3.64300e+00   -7.86395e-04
3.64400e+00   -7.84424e-04
3.64500e+00   -7.82541e-04
3.64600e+00   -7.80750e-04
3.64700e+00   -7.79059e-04
3.64800e+00   -7.77480e-04
3.64900e+00   -7.76003e-04
3.65000e+00   -7.74641e-04
3.65100e+00   -7.73387e-04
3.65200e+00   -7.72245e-04
3.65300e+00   -7.71205e-04
3.65400e+00   -7.70266e-04
3.65500e+00   -7.69426e-04
3.65600e+00   -7.68673e-04
3.65700e+00   -7.67999e-04
3.65800e+00   -7.67397e-04
3.65900e+00   -7.66857e-04
3.66000e+00   -7.66372e-04
3.66100e+00   -7.65931e-04
3.66200e+00   -7.65530e-04
3.66300e+00   -7.65161e-04
3.66400e+00   -7.64810e-04
3.66500e+00   -7.64490e-04
3.66600e+00   -7.64191e-04
3.66700e+00   -7.63914e-04
3.66800e+00   -7.63657e-04
3.66900e+00   -7.63421e-04
3.67000e+00   -7.63216e-04
3.67100e+00   -7.63039e-04
3.67200e+00   -7.62895e-04
3.67300e+00   -7.62787e-04
3.67400e+00   -7.62712e-04
3.67500e+00   -7.62687e-04
3.67600e+00   -7.62702e-04
3.67700e+00   -7.62760e-04
3.67800e+00   -7.62855e-04
3.67900e+00   -7.63001e-04
3.68000e+00   -7.63186e-04
3.68100e+00   -7.63408e-04
3.68200e+00   -7.63667e-04
3.68300e+00   -7.63955e-04
3.68400e+00   -7.64272e-04
3.68500e+00   -7.64612e-04
3.68600e+00   -7.64970e-04
3.68700e+00   -7.65337e-04
3.68800e+00   -7.65712e-04
3.68900e+00   -7.66086e-04
3.69000e+00   -7.66451e-04
3.69100e+00   -7.66804e-04
3.69200e+00   -7.67139e-04
3.69300e+00   -7.67447e-04
3.69400e+00   -7.67720e-04
3.69500e+00   -7.67959e-04
3.69600e+00   -7.68155e-04
3.69700e+00   -7.68305e-04
3.69800e+00   -7.68404e-04
3.69900e+00   -7.68446e-04
3.70000e+00   -7.68432e-04
3.70100e+00   -7.68352e-04
3.70200e+00   -7.68204e-04
3.70300e+00   -7.67991e-04
3.70400e+00   -7.67703e-04
3.70500e+00   -7.67342e-04
3.70600e+00   -7.66905e-04
3.70700e+00   -7.66393e-04
3.70800e+00   -7.65804e-04
3.70900e+00   -7.65136e-04
3.71000e+00   -7.64397e-04
3.71100e+00   -7.63584e-04
3.71200e+00   -7.62701e-04
3.71300e+00   -7.61750e-04
3.71400e+00   -7.60737e-04
3.71500e+00   -7.59669e-04
3.71600e+00   -7.58549e-04
3.71700e+00   -7.57381e-04
3.71800e+00   -7.56169e-04
3.71900e+00   -7.54919e-04
3.72000e+00   -7.53633e-04
3.72100e+00   -7.52312e-04
3.72200e+00   -7.50954e-04
3.72300e+00   -7.49563e-04
3.72400e+00   -7.48135e-04
3.72500e+00   -7.46672e-04
3.72600e+00   -7.45170e-04
3.72700e+00   -7.43632e-04
3.72800e+00   -7.42057e-04
3.72900e+00   -7.40453e-04
3.73000e+00   -7.38823e-04
3.73100e+00   -7.37176e-04
3.73200e+00   -7.35519e-04
3.73300e+00   -7.33863e-04
3.73400e+00   -7.32215e-04
3.73500e+00   -7.30592e-04
3.73600e+00   -7.29003e-04
3.73700e+00   -7.27447e-04
3.73800e+00   -7.25935e-04
3.73900e+00   -7.24470e-04
3.74000e+00   -7.23055e-04
3.74100e+00   -7.21688e-04
3.74200e+00   -7.20369e-04
3.74300e+00   -7.19094e-04
3.74400e+00   -7.17864e-04
3.74500e+00   -7.16674e-04
3.74600e+00   -7.15526e-04
3.74700e+00   -7.14413e-04
3.74800e+00   -7.13342e-04
3.74900e+00   -7.12310e-04
3.75000e+00   -7.11313e-04
3.75100e+00   -7.10356e-04
3.75200e+00   -7.09441e-04
3.75300e+00   -7.08561e-04
3.75400e+00   -7.07723e-04
3.75500e+00   -7.06920e-04
3.75600e+00   -7.06151e-04
3.75700e+00   -7.05419e-04
3.75800e+00   -7.04719e-04
3.75900e+00   -7.04053e-04
3.76000e+00   -7.03416e-04
3.76100e+00   -7.02799e-04
3.76200e+00   -7.02203e-04
3.76300e+00   -7.01625e-04
3.76400e+00   -7.01058e-04
3.76500e+00   -7.00493e-04
3.76600e+00   -6.99931e-04
3.76700e+00   -6.99366e-04
3.76800e+00   -6.98795e-04
3.76900e+00   -6.98211e-04
3.77000e+00   -6.97618e-04
3.77100e+00   -6.97015e-04
3.77200e+00   -6.96411e-04
3.77300e+00   -6.95822e-04
3.77400e+00   -6.95249e-04
3.77500e+00   -6.94707e-04
3.77600e+00   -6.94210e-04
3.77700e+00   -6.93761e-04
3.77800e+00   -6.93373e-04
3.77900e+00   -6.93046e-04
3.78000e+00   -6.92786e-04
3.78100e+00   -6.92589e-04
3.78200e+00   -6.92451e-04
3.78300e+00   -6.92365e-04
3.78400e+00   -6.92324e-04
3.78500e+00   -6.92321e-04
3.78600e+00   -6.92347e-04
3.78700e+00   -6.92400e-04
3.78800e+00   -6.92470e-04
3.78900e+00   -6.92554e-04
3.79000e+00   -6.92649e-04
3.79100e+00   -6.92767e-04
3.79200e+00   -6.92895e-04
3.79300e+00   -6.93048e-04
3.79400e+00   -6.93215e-04
3.79500e+00   -6.93411e-04
3.79600e+00   -6.93641e-04
3.79700e+00   -6.93905e-04
3.79800e+00   -6.94210e-04
3.79900e+00   -6.94563e-04
3.80000e+00   -6.94966e-04
3.80100e+00   -6.95425e-04
3.80200e+00   -6.95954e-04
3.80300e+00   -6.96548e-04
3.80400e+00   -6.97228e-04
3.80500e+00   -6.97996e-04
3.80600e+00   -6.98860e-04
3.80700e+00   -6.99838e-04
3.80800e+00   -7.00926e-04
3.80900e+00   -7.02123e-04
3.81000e+00   -7.03451e-04
3.81100e+00   -7.04909e-04
3.81200e+00   -7.06481e-04
3.81300e+00   -7.08176e-04
3.81400e+00   -7.09985e-04
3.81500e+00   -7.11906e-04
3.81600e+00   -7.13937e-04
3.81700e+00   -7.16060e-04
3.81800e+00   -7.18256e-04
3.81900e+00   -7.20518e-04
3.82000e+00   -7.22822e-04
3.82100e+00   -7.25141e-04
3.82200e+00   -7.27490e-04
3.82300e+00   -7.29820e-04
3.82400e+00   -7.32134e-04
3.82500e+00   -7.34409e-04
3.82600e+00   -7.36620e-04
3.82700e+00   -7.38772e-04
3.82800e+00   -7.40828e-04
3.82900e+00   -7.42759e-04
3.83000e+00   -7.44589e-04
3.83100e+00   -7.46277e-04
3.83200e+00   -7.47822e-04
3.83300e+00   -7.49179e-04
3.83400e+00   -7.50401e-04
3.83500e+00   -7.51429e-04
3.83600e+00   -7.52277e-04
3.83700e+00   -7.52940e-04
3.83800e+00   -7.53441e-04
3.83900e+00   -7.53764e-04
3.84000e+00   -7.53940e-04
3.84100e+00   -7.53937e-04
3.84200e+00   -7.53812e-04
3.84300e+00   -7.53549e-04
3.84400e+00   -7.53176e-04
3.84500e+00   -7.52703e-04
3.84600e+00   -7.52139e-04
3.84700e+00   -7.51499e-04
3.84800e+00   -7.50790e-04
3.84900e+00   -7.50026e-04
3.85000e+00   -7.49215e-04
3.85100e+00   -7.48362e-04
3.85200e+00   -7.47476e-04
3.85300e+00   -7.46564e-04
3.85400e+00   -7.45630e-04
3.85500e+00   -7.44680e-04
3.85600e+00   -7.43719e-04
3.85700e+00   -7.42750e-04
3.85800e+00   -7.41776e-04
3.85900e+00   -7.40805e-04
3.86000e+00   -7.39844e-04
3.86100e+00   -7.38894e-04
3.86200e+00   -7.37965e-04
3.86300e+00   -7.37057e-04
3.86400e+00   -7.36180e-04
3.86500e+00   -7.35337e-04
3.86600e+00   -7.34532e-04
3.86700e+00   -7.33766e-04
3.86800e+00   -7.33040e-04
3.86900e+00   -7.32359e-04
3.87000e+00   -7.31725e-04
3.87100e+00   -7.31137e-04
3.87200e+00   -7.30594e-04
3.87300e+00   -7.30100e-04
3.87400e+00   -7.29652e-04
3.87500e+00   -7.29244e-04
3.87600e+00   -7.28879e-04
3.87700e+00   -7.28547e-04
3.87800e+00   -7.28250e-04
3.87900e+00   -7.27975e-04
3.88000e+00   -7.27728e-04
3.88100e+00   -7.27492e-04
3.88200e+00   -7.27265e-04
3.88300e+00   -7.27036e-04
3.88400e+00   -7.26807e-04
3.88500e+00   -7.26562e-04
3.88600e+00   -7.26300e-04
3.88700e+00   -7.26013e-04
3.88800e+00   -7.25700e-04
3.88900e+00   -7.25353e-04
3.89000e+00   -7.24966e-04
3.89100e+00   -7.24545e-04
3.89200e+00   -7.24083e-04
3.89300e+00   -7.23581e-04
3.89400e+00   -7.23044e-04
3.89500e+00   -7.22476e-04
3.89600e+00   -7.21877e-04
3.89700e+00   -7.21259e-04
3.89800e+00   -7.20630e-04
3.89900e+00   -7.19998e-04
3.90000e+00   -7.19376e-04
3.90100e+00   -7.18773e-04
3.90200e+00   -7.18198e-04
3.90300e+00   -7.17660e-04
3.90400e+00   -7.17168e-04
3.90500e+00   -7.16727e-04
3.90600e+00   -7.16341e-04
3.90700e+00   -7.16009e-04
3.90800e+00   -7.15733e-04
3.90900e+00   -7.15507e-04
3.91000e+00   -7.15330e-04
3.91100e+00   -7.15195e-04
3.91200e+00   -7.15094e-04
3.91300e+00   -7.15021e-04
3.91400e+00   -7.14967e-04
3.91500e+00   -7.14926e-04
3.91600e+00   -7.14895e-04
3.91700e+00   -7.14861e-04
3.91800e+00   -7.14821e-04
3.91900e+00   -7.14775e-04
3.92000e+00   -7.14715e-04
3.92100e+00   -7.14637e-04
3.92200e+00   -7.14547e-04
3.92300e+00   -7.14436e-04
3.92400e+00   -7.14308e-04
3.92500e+00   -7.14162e-04
3.92600e+00   -7.14000e-04
3.92700e+00   -7.13826e-04
3.92800e+00   -7.13640e-04
3.92900e+00   -7.13441e-04
3.93000e+00   -7.13235e-04
3.93100e+00   -7.13025e-04
3.93200e+00   -7.12813e-04
3.93300e+00   -7.12599e-04
3.93400e+00   -7.12391e-04
3.93500e+00   -7.12192e-04
3.93600e+00   -7.12000e-04
3.93700e+00   -7.11824e-04
3.93800e+00   -7.11663e-04
3.93900e+00   -7.11519e-04
3.94000e+00   -7.11395e-04
3.94100e+00   -7.11296e-04
3.94200e+00   -7.11218e-04
3.94300e+00   -7.11166e-04
3.94400e+00   -7.11142e-04
3.94500e+00   -7.11143e-04
3.94600e+00   -7.11177e-04
3.94700e+00   -7.11243e-04
3.94800e+00   -7.11343e-04
3.94900e+00   -7.11481e-04
3.95000e+00   -7.11658e-04
3.95100e+00   -7.11875e-04
3.95200e+00   -7.12139e-04
3.95300e+00   -7.12452e-04
3.95400e+00   -7.12814e-04
3.95500e+00   -7.13222e-04
3.95600e+00   -7.13684e-04
3.95700e+00   -7.14198e-04
3.95800e+00   -7.14762e-04
3.95900e+00   -7.15369e-04
3.96000e+00   -7.16019e-04
3.96100e+00   -7.16704e-04
3.96200e+00   -7.17422e-04
3.96300e+00   -7.18177e-04
3.96400e+00   -7.18958e-04
3.96500e+00   -7.19765e-04
3.96600e+00   -7.20606e-04
3.96700e+00   -7.21477e-04
3.96800e+00   -7.22384e-04
3.96900e+00   -7.23331e-04
3.97000e+00   -7.24320e-04
3.97100e+00   -7.25361e-04
3.97200e+00   -7.26455e-04
3.97300e+00   -7.27608e-04
3.97400e+00   -7.28810e-04
3.97500e+00   -7.30080e-04
3.97600e+00   -7.31401e-04
3.97700e+00   -7.32763e-04
3.97800e+00   -7.34168e-04
3.97900e+00   -7.35600e-04
3.98000e+00   -7.37051e-04
3.98100e+00   -7.38499e-04
3.98200e+00   -7.39947e-04
3.98300e+00   -7.41364e-04
3.98400e+00   -7.42748e-04
3.98500e+00   -7.44098e-04
3.98600e+00   -7.45381e-04
3.98700e+00   -7.46596e-04
3.98800e+00   -7.47731e-04
3.98900e+00   -7.48787e-04
3.99000e+00   -7.49746e-04
3.99100e+00   -7.50618e-04
3.99200e+00   -7.51380e-04
3.99300e+00   -7.52038e-04
3.99400e+00   -7.52590e-04
3.99500e+00   -7.53035e-04
3.99600e+00   -7.53360e-04
3.99700e+00   -7.53568e-04
3.99800e+00   -7.53670e-04
3.99900e+00   -7.53659e-04
4.00000e+00   -7.53531e-04
4.00100e+00   -7.53294e-04
4.00200e+00   -7.52949e-04
4.00300e+00   -7.52504e-04
4.00400e+00   -7.51963e-04
4.00500e+00   -7.51337e-04
4.00600e+00   -7.50631e-04
4.00700e+00   -7.49852e-04
4.00800e+00   -7.49022e-04
4.00900e+00   -7.48142e-04
4.01000e+00   -7.47224e-04
4.01100e+00   -7.46280e-04
4.01200e+00   -7.45318e-04
4.01300e+00   -7.44350e-04
4.01400e+00   -7.43385e-04
4.01500e+00   -7.42427e-04
4.01600e+00   -7.41485e-04
4.01700e+00   -7.40558e-04
4.01800e+00   -7.39648e-04
4.01900e+00   -7.38757e-04
4.02000e+00   -7.37890e-04
4.02100e+00   -7.37040e-04
4.02200e+00   -7.36201e-04
4.02300e+00   -7.35376e-04
4.02400e+00   -7.34556e-04
4.02500e+00   -7.33740e-04
4.02600e+00   -7.32924e-04
4.02700e+00   -7.32106e-04
4.02800e+00   -7.31286e-04
4.02900e+00   -7.30459e-04
4.03000e+00   -7.29621e-04
4.03100e+00   -7.28768e-04
4.03200e+00   -7.27901e-04
4.03300e+00   -7.27024e-04
4.03400e+00   -7.26133e-04
4.03500e+00   -7.25228e-04
4.03600e+00   -7.24316e-04
4.03700e+00   -7.23404e-04
4.03800e+00   -7.22485e-04
4.03900e+00   -7.21564e-04
4.04000e+00   -7.20649e-04
4.04100e+00   -7.19741e-04
4.04200e+00   -7.18844e-04
4.04300e+00   -7.17959e-04
4.04400e+00   -7.17086e-04
4.04500e+00   -7.16229e-04
4.04600e+00   -7.15384e-04
4.04700e+00   -7.14552e-04
4.04800e+00   -7.13739e-04
4.04900e+00   -7.12944e-04
4.05000e+00   -7.12164e-04
4.05100e+00   -7.11397e-04
4.05200e+00   -7.10649e-04
4.05300e+00   -7.09916e-04
4.05400e+00   -7.09197e-04
4.05500e+00   -7.08488e-04
4.05600e+00   -7.07790e-04
4.05700e+00   -7.07103e-04
4.05800e+00   -7.06426e-04
4.05900e+00   -7.05756e-04
4.06000e+00   -7.05093e-04
4.06100e+00   -7.04429e-04
4.06200e+00   -7.03770e-04
4.06300e+00   -7.03116e-04
4.06400e+00   -7.02463e-04
4.06500e+00   -7.01810e-04
4.06600e+00   -7.01158e-04
4.06700e+00   -7.00507e-04
4.06800e+00   -6.99857e-04
4.06900e+00   -6.99209e-04
4.07000e+00   -6.98559e-04
4.07100e+00   -6.97915e-04
4.07200e+00   -6.97277e-04
4.07300e+00   -6.96638e-04
4.07400e+00   -6.95998e-04
4.07500e+00   -6.95361e-04
4.07600e+00   -6.94726e-04
4.07700e+00   -6.94092e-04
4.07800e+00   -6.93462e-04
4.07900e+00   -6.92839e-04
4.08000e+00   -6.92216e-04
4.08100e+00   -6.91594e-04
4.08200e+00   -6.90973e-04
4.08300e+00   -6.90352e-04
4.08400e+00   -6.89734e-04
4.08500e+00   -6.89115e-04
4.08600e+00   -6.88492e-04
4.08700e+00   -6.87867e-04
4.08800e+00   -6.87241e-04
4.08900e+00   -6.86612e-04
4.09000e+00   -6.85981e-04
4.09100e+00   -6.85348e-04
4.09200e+00   -6.84716e-04
4.09300e+00   -6.84084e-04
4.09400e+00   -6.83455e-04
4.09500e+00   -6.82829e-04
4.09600e+00   -6.82209e-04
4.09700e+00   -6.81594e-04
4.09800e+00   -6.80991e-04
4.09900e+00   -6.80400e-04
4.10000e+00   -6.79825e-04
4.10100e+00   -6.79268e-04
4.10200e+00   -6.78731e-04
4.10300e+00   -6.78223e-04
4.10400e+00   -6.77738e-04
4.10500e+00   -6.77283e-04
4.10600e+00   -6.76857e-04
4.10700e+00   -6.76460e-04
4.10800e+00   -6.76093e-04
4.10900e+00   -6.75754e-04
4.11000e+00   -6.75443e-04
4.11100e+00   -6.75159e-04
4.11200e+00   -6.74897e-04
4.11300e+00   -6.74659e-04
4.11400e+00   -6.74440e-04
4.11500e+00   -6.74238e-04
4.11600e+00   -6.74049e-04
4.11700e+00   -6.73869e-04
4.11800e+00   -6.73699e-04
4.11900e+00   -6.73537e-04
4.12000e+00   -6.73384e-04
4.12100e+00   -6.73241e-04
4.12200e+00   -6.73111e-04
4.12300e+00   -6.72992e-04
4.12400e+00   -6.72890e-04
4.12500e+00   -6.72807e-04
4.12600e+00   -6.72744e-04
4.12700e+00   -6.72705e-04
4.12800e+00   -6.72692e-04
4.12900e+00   -6.72706e-04
4.13000e+00   -6.72748e-04
4.13100e+00   -6.72821e-04
4.13200e+00   -6.72925e-04
4.13300e+00   -6.73060e-04
4.13400e+00   -6.73230e-04
4.13500e+00   -6.73434e-04
4.13600e+00   -6.73672e-04
4.13700e+00   -6.73946e-04
4.13800e+00   -6.74257e-04
4.13900e+00   -6.74605e-04
4.14000e+00   -6.74992e-04
4.14100e+00   -6.75419e-04
4.14200e+00   -6.75885e-04
4.14300e+00   -6.76391e-04
4.14400e+00   -6.76939e-04
4.14500e+00   -6.77528e-04
4.14600e+00   -6.78149e-04
4.14700e+00   -6.78805e-04
4.14800e+00   -6.79496e-04
4.14900e+00   -6.80211e-04
4.15000e+00   -6.80948e-04
4.15100e+00   -6.81703e-04
4.15200e+00   -6.82472e-04
4.15300e+00   -6.83246e-04
4.15400e+00   -6.84021e-04
4.15500e+00   -6.84798e-04
4.15600e+00   -6.85570e-04
4.15700e+00   -6.86340e-04
4.15800e+00   -6.87104e-04
4.15900e+00   -6.87868e-04
4.16000e+00   -6.88631e-04
4.16100e+00   -6.89394e-04
4.16200e+00   -6.90160e-04
4.16300e+00   -6.90931e-04
4.16400e+00   -6.91705e-04
4.16500e+00   -6.92489e-04
4.16600e+00   -6.93279e-04
4.16700e+00   -6.94071e-04
4.16800e+00   -6.94863e-04
4.16900e+00   -6.95658e-04
4.17000e+00   -6.96443e-04
4.17100e+00   -6.97221e-04
4.17200e+00   -6.97985e-04
4.17300e+00   -6.98733e-04
4.17400e+00   -6.99461e-04
4.17500e+00   -7.00164e-04
4.17600e+00   -7.00850e-04
4.17700e+00   -7.01513e-04
4.17800e+00   -7.02146e-04
4.17900e+00   -7.02766e-04
4.18000e+00   -7.03368e-04
4.18100e+00   -7.03953e-04
4.18200e+00   -7.04534e-04
4.18300e+00   -7.05109e-04
4.18400e+00   -7.05684e-04
4.18500e+00   -7.06265e-04
4.18600e+00   -7.06852e-04
4.18700e+00   -7.07454e-04
4.18800e+00   -7.08071e-04
4.18900e+00   -7.08706e-04
4.19000e+00   -7.09357e-04
4.19100e+00   -7.10028e-04
4.19200e+00   -7.10718e-04
4.19300e+00   -7.11424e-04
4.19400e+00   -7.12139e-04
4.19500e+00   -7.12856e-04
4.19600e+00   -7.13577e-04
4.19700e+00   -7.14290e-04
4.19800e+00   -7.14989e-04
4.19900e+00   -7.15668e-04
4.20000e+00   -7.16319e-04
4.20100e+00   -7.16933e-04
4.20200e+00   -7.17502e-04
4.20300e+00   -7.18025e-04
4.20400e+00   -7.18492e-04
4.20500e+00   -7.18898e-04
4.20600e+00   -7.19246e-04
4.20700e+00   -7.19526e-04
4.20800e+00   -7.19742e-04
4.20900e+00   -7.19892e-04
4.21000e+00   -7.19979e-04
4.21100e+00   -7.20004e-04
4.21200e+00   -7.19966e-04
4.21300e+00   -7.19868e-04
4.21400e+00   -7.19715e-04
4.21500e+00   -7.19515e-04
4.21600e+00   -7.19271e-04
4.21700e+00   -7.18983e-04
4.21800e+00   -7.18653e-04
4.21900e+00   -7.18293e-04
4.22000e+00   -7.17903e-04
4.22100e+00   -7.17483e-04
4.22200e+00   -7.17048e-04
4.22300e+00   -7.16589e-04
4.22400e+00   -7.16118e-04
4.22500e+00   -7.15634e-04
4.22600e+00   -7.15146e-04
4.22700e+00   -7.14660e-04
4.22800e+00   -7.14179e-04
4.22900e+00   -7.13712e-04
4.23000e+00   -7.13265e-04
4.23100e+00   -7.12846e-04
4.23200e+00   -7.12459e-04
4.23300e+00   -7.12119e-04
4.23400e+00   -7.11820e-04
4.23500e+00   -7.11582e-04
4.23600e+00   -7.11396e-04
4.23700e+00   -7.11279e-04
4.23800e+00   -7.11230e-04
4.23900e+00   -7.11251e-04
4.24000e+00   -7.11342e-04
4.24100e+00   -7.11505e-04
4.24200e+00   -7.11738e-04
4.24300e+00   -7.12044e-04
4.24400e+00   -7.12415e-04
4.24500e+00   -7.12847e-04
4.24600e+00   -7.13339e-04
4.24700e+00   -7.13896e-04
4.24800e+00   -7.14492e-04
4.24900e+00   -7.15122e-04
4.25000e+00   -7.15790e-04
4.25100e+00   -7.16480e-04
4.25200e+00   -7.17180e-04
4.25300e+00   -7.17886e-04
4.25400e+00   -7.18586e-04
4.25500e+00   -7.19267e-04
4.25600e+00   -7.19928e-04
4.25700e+00   -7.20557e-04
4.25800e+00   -7.21140e-04
4.25900e+00   -7.21679e-04
4.26000e+00   -7.22162e-04
4.26100e+00   -7.22584e-04
4.26200e+00   -7.22947e-04
4.26300e+00   -7.23240e-04
4.26400e+00   -7.23461e-04
4.26500e+00   -7.23618e-04
4.26600e+00   -7.23712e-04
4.26700e+00   -7.23746e-04
4.26800e+00   -7.23725e-04
4.26900e+00   -7.23650e-04
4.27000e+00   -7.23528e-04
4.27100e+00   -7.23365e-04
4.27200e+00   -7.23172e-04
4.27300e+00   -7.22950e-04
4.27400e+00   -7.22707e-04
4.27500e+00   -7.22447e-04
4.27600e+00   -7.22177e-04
4.27700e+00   -7.21897e-04
4.27800e+00   -7.21614e-04
4.27900e+00   -7.21328e-04
4.28000e+00   -7.21045e-04
4.28100e+00   -7.20763e-04
4.28200e+00   -7.20485e-04
4.28300e+00   -7.20215e-04
4.28400e+00   -7.19956e-04
4.28500e+00   -7.19708e-04
4.28600e+00   -7.19477e-04
4.28700e+00   -7.19264e-04
4.28800e+00   -7.19071e-04
4.28900e+00   -7.18904e-04
4.29000e+00   -7.18764e-04
4.29100e+00   -7.18659e-04
4.29200e+00   -7.18588e-04
4.29300e+00   -7.18552e-04
4.29400e+00   -7.18555e-04
4.29500e+00   -7.18593e-04
4.29600e+00   -7.18666e-04
4.29700e+00   -7.18768e-04
4.29800e+00   -7.18893e-04
4.29900e+00   -7.19033e-04
4.30000e+00   -7.19183e-04
4.30100e+00   -7.19334e-04
4.30200e+00   -7.19475e-04
4.30300e+00   -7.19595e-04
4.30400e+00   -7.19692e-04
4.30500e+00   -7.19752e-04
4.30600e+00   -7.19777e-04
4.30700e+00   -7.19762e-04
4.30800e+00   -7.19705e-04
4.30900e+00   -7.19610e-04
4.31000e+00   -7.19478e-04
4.31100e+00   -7.19314e-04
4.31200e+00   -7.19121e-04
4.31300e+00   -7.18912e-04
4.31400e+00   -7.18684e-04
4.31500e+00   -7.18448e-04
4.31600e+00   -7.18208e-04
4.31700e+00   -7.17963e-04
4.31800e+00   -7.17718e-04
4.31900e+00   -7.17472e-04
4.32000e+00   -7.17225e-04
4.32100e+00   -7.16975e-04
4.32200e+00   -7.16720e-04
4.32300e+00   -7.16452e-04
4.32400e+00   -7.16172e-04
4.32500e+00   -7.15870e-04
4.32600e+00   -7.15549e-04
4.32700e+00   -7.15200e-04
4.32800e+00   -7.14824e-04
4.32900e+00   -7.14411e-04
4.33000e+00   -7.13968e-04
4.33100e+00   -7.13491e-04
4.33200e+00   -7.12974e-04
4.33300e+00   -7.12422e-04
4.33400e+00   -7.11832e-04
4.33500e+00   -7.11210e-04
4.33600e+00   -7.10550e-04
4.33700e+00   -7.09859e-04
4.33800e+00   -7.09135e-04
4.33900e+00   -7.08379e-04
4.34000e+00   -7.07592e-04
4.34100e+00   -7.06778e-04
4.34200e+00   -7.05949e-04
4.34300e+00   -7.05098e-04
4.34400e+00   -7.04236e-04
4.34500e+00   -7.03367e-04
4.34600e+00   -7.02493e-04
4.34700e+00   -7.01617e-04
4.34800e+00   -7.00746e-04
4.34900e+00   -6.99882e-04
4.35000e+00   -6.99032e-04
4.35100e+00   -6.98191e-04
4.35200e+00   -6.97364e-04
4.35300e+00   -6.96548e-04
4.35400e+00   -6.95750e-04
4.35500e+00   -6.94955e-04
4.35600e+00   -6.94177e-04
4.35700e+00   -6.93401e-04
4.35800e+00   -6.92636e-04
4.35900e+00   -6.91876e-04
4.36000e+00   -6.91124e-04
4.36100e+00   -6.90373e-04
4.36200e+00   -6.89628e-04
4.36300e+00   -6.88896e-04
4.36400e+00   -6.88162e-04
4.36500e+00   -6.87440e-04
4.36600e+00   -6.86721e-04
4.36700e+00   -6.86009e-04
4.36800e+00   -6.85307e-04
4.36900e+00   -6.84616e-04
4.37000e+00   -6.83928e-04
4.37100e+00   -6.83244e-04
4.37200e+00   -6.82565e-04
4.37300e+00   -6.81894e-04
4.37400e+00   -6.81228e-04
4.37500e+00   -6.80569e-04
4.37600e+00   -6.79919e-04
4.37700e+00   -6.79275e-04
4.37800e+00   -6.78639e-04
4.37900e+00   -6.78013e-04
4.38000e+00   -6.77404e-04
4.38100e+00   -6.76807e-04
4.38200e+00   -6.76232e-04
4.38300e+00   -6.75686e-04
4.38400e+00   -6.75169e-04
4.38500e+00   -6.74686e-04
4.38600e+00   -6.74249e-04
4.38700e+00   -6.73864e-04
4.38800e+00   -6.73545e-04
4.38900e+00   -6.73299e-04
4.39000e+00   -6.73141e-04
4.39100e+00   -6.73080e-04
4.39200e+00   -6.73129e-04
4.39300e+00   -6.73296e-04
4.39400e+00   -6.73593e-04
4.39500e+00   -6.74030e-04
4.39600e+00   -6.74602e-04
4.39700e+00   -6.75305e-04
4.39800e+00   -6.76131e-04
4.39900e+00   -6.77070e-04
4.40000e+00   -6.78097e-04
4.40100e+00   -6.79195e-04
4.40200e+00   -6.80340e-04
4.40300e+00   -6.81506e-04
4.40400e+00   -6.82666e-04
4.40500e+00   -6.83802e-04
4.40600e+00   -6.84896e-04
4.40700e+00   -6.85936e-04
4.40800e+00   -6.86923e-04
4.40900e+00   -6.87855e-04
4.41000e+00   -6.88738e-04
4.41100e+00   -6.89580e-04
4.41200e+00   -6.90395e-04
4.41300e+00   -6.91197e-04
4.41400e+00   -6.91987e-04
4.41500e+00   -6.92781e-04
4.41600e+00   -6.93584e-04
4.41700e+00   -6.94392e-04
4.41800e+00   -6.95220e-04
4.41900e+00   -6.96059e-04
4.42000e+00   -6.96906e-04
4.42100e+00   -6.97766e-04
4.42200e+00   -6.98629e-04
4.42300e+00   -6.99498e-04
4.42400e+00   -7.00370e-04
4.42500e+00   -7.01238e-04
4.42600e+00   -7.02109e-04
4.42700e+00   -7.02978e-04
4.42800e+00   -7.03852e-04
4.42900e+00   -7.04719e-04
4.43000e+00   -7.05582e-04
4.43100e+00   -7.06440e-04
4.43200e+00   -7.07288e-04
4.43300e+00   -7.08119e-04
4.43400e+00   -7.08927e-04
4.43500e+00   -7.09707e-04
4.43600e+00   -7.10444e-04
4.43700e+00   -7.11128e-04
4.43800e+00   -7.11752e-04
4.43900e+00   -7.12298e-04
4.44000e+00   -7.12766e-04
4.44100e+00   -7.13145e-04
4.44200e+00   -7.13425e-04
4.44300e+00   -7.13607e-04
4.44400e+00   -7.13696e-04
4.44500e+00   -7.13691e-04
4.44600e+00   -7.13612e-04
4.44700e+00   -7.13470e-04
4.44800e+00   -7.13281e-04
4.44900e+00   -7.13072e-04
4.45000e+00   -7.12866e-04
4.45100e+00   -7.12687e-04
4.45200e+00   -7.12563e-04
4.45300e+00   -7.12510e-04
4.45400e+00   -7.12550e-04
4.45500e+00   -7.12699e-04
4.45600e+00   -7.12967e-04
4.45700e+00   -7.13346e-04
4.45800e+00   -7.13838e-04
4.45900e+00   -7.14430e-04
4.46000e+00   -7.15107e-04
4.46100e+00   -7.15849e-04
4.46200e+00   -7.16626e-04
4.46300e+00   -7.17413e-04
4.46400e+00   -7.18189e-04
4.46500e+00   -7.18926e-04
4.46600e+00   -7.19608e-04
4.46700e+00   -7.20231e-04
4.46800e+00   -7.20779e-04
4.46900e+00   -7.21255e-04
4.47000e+00   -7.21670e-04
4.47100e+00   -7.22045e-04
4.47200e+00   -7.22380e-04
4.47300e+00   -7.22692e-04
4.47400e+00   -7.23009e-04
4.47500e+00   -7.23340e-04
4.47600e+00   -7.23700e-04
4.47700e+00   -7.24101e-04
4.47800e+00   -7.24550e-04
4.47900e+00   -7.25052e-04
4.48000e+00   -7.25604e-04
4.48100e+00   -7.26209e-04
4.48200e+00   -7.26857e-04
4.48300e+00   -7.27540e-04
4.48400e+00   -7.28253e-04
4.48500e+00   -7.28984e-04
4.48600e+00   -7.29724e-04
4.48700e+00   -7.30465e-04
4.48800e+00   -7.31202e-04
4.48900e+00   -7.31934e-04
4.49000e+00   -7.32654e-04
4.49100e+00   -7.33358e-04
4.49200e+00   -7.34051e-04
4.49300e+00   -7.34737e-04
4.49400e+00   -7.35417e-04
4.49500e+00   -7.36094e-04
4.49600e+00   -7.36772e-04
4.49700e+00   -7.37456e-04
4.49800e+00   -7.38146e-04
4.49900e+00   -7.38845e-04
4.50000e+00   -7.39558e-04
4.50100e+00   -7.40288e-04
4.50200e+00   -7.41035e-04
4.50300e+00   -7.41792e-04
4.50400e+00   -7.42554e-04
4.50500e+00   -7.43324e-04
4.50600e+00   -7.44098e-04
4.50700e+00   -7.44859e-04
4.50800e+00   -7.45615e-04
4.50900e+00   -7.46361e-04
4.51000e+00   -7.47091e-04
4.51100e+00   -7.47796e-04
4.51200e+00   -7.48475e-04
4.51300e+00   -7.49132e-04
4.51400e+00   -7.49751e-04
4.51500e+00   -7.50336e-04
4.51600e+00   -7.50881e-04
4.51700e+00   -7.51383e-04
4.51800e+00   -7.51838e-04
4.51900e+00   -7.52243e-04
4.52000e+00   -7.52592e-04
4.52100e+00   -7.52884e-04
4.52200e+00   -7.53112e-04
4.52300e+00   -7.53275e-04
4.52400e+00   -7.53372e-04
4.52500e+00   -7.53406e-04
4.52600e+00   -7.53372e-04
4.52700e+00   -7.53273e-04
4.52800e+00   -7.53108e-04
4.52900e+00   -7.52881e-04
4.53000e+00   -7.52591e-04
4.53100e+00   -7.52245e-04
4.53200e+00   -7.51847e-04
4.53300e+00   -7.51397e-04
4.53400e+00   -7.50902e-04
4.53500e+00   -7.50369e-04
4.53600e+00   -7.49802e-04
4.53700e+00   -7.49205e-04
4.53800e+00   -7.48580e-04
4.53900e+00   -7.47935e-04
4.54000e+00   -7.47276e-04
4.54100e+00   -7.46599e-04
4.54200e+00   -7.45911e-04
4.54300e+00   -7.45215e-04
4.54400e+00   -7.44515e-04
4.54500e+00   -7.43811e-04
4.54600e+00   -7.43107e-04
4.54700e+00   -7.42399e-04
4.54800e+00   -7.41691e-04
4.54900e+00   -7.40983e-04
4.55000e+00   -7.40274e-04
4.55100e+00   -7.39574e-04
4.55200e+00   -7.38871e-04
4.55300e+00   -7.38173e-04
4.55400e+00   -7.37479e-04
4.55500e+00   -7.36782e-04
4.55600e+00   -7.36094e-04
4.55700e+00   -7.35407e-04
4.55800e+00   -7.34724e-04
4.55900e+00   -7.34047e-04
4.56000e+00   -7.33379e-04
4.56100e+00   -7.32713e-04
4.56200e+00   -7.32057e-04
4.56300e+00   -7.31413e-04
4.56400e+00   -7.30774e-04
4.56500e+00   -7.30150e-04
4.56600e+00   -7.29539e-04
4.56700e+00   -7.28942e-04
4.56800e+00   -7.28363e-04
4.56900e+00   -7.27805e-04
4.57000e+00   -7.27268e-04
4.57100e+00   -7.26757e-04
4.57200e+00   -7.26269e-04
4.57300e+00   -7.25809e-04
4.57400e+00   -7.25377e-04
4.57500e+00   -7.24977e-04
4.57600e+00   -7.24609e-04
4.57700e+00   -7.24275e-04
4.57800e+00   -7.23978e-04
4.57900e+00   -7.23718e-04
4.58000e+00   -7.23497e-04
4.58100e+00   -7.23320e-04
4.58200e+00   -7.23186e-04
4.58300e+00   -7.23093e-04
4.58400e+00   -7.23048e-04
4.58500e+00   -7.23049e-04
4.58600e+00   -7.23095e-04
4.58700e+00   -7.23189e-04
4.58800e+00   -7.23333e-04
4.58900e+00   -7.23525e-04
4.59000e+00   -7.23765e-04
4.59100e+00   -7.24046e-04
4.59200e+00   -7.24377e-04
4.59300e+00   -7.24748e-04
4.59400e+00   -7.25162e-04
4.59500e+00   -7.25614e-04
4.59600e+00   -7.26100e-04
4.59700e+00   -7.26612e-04
4.59800e+00   -7.27155e-04
4.59900e+00   -7.27714e-04
4.60000e+00   -7.28291e-04
4.60100e+00   -7.28881e-04
4.60200e+00   -7.29483e-04
4.60300e+00   -7.30080e-04
4.60400e+00   -7.30683e-04
4.60500e+00   -7.31278e-04
4.60600e+00   -7.31861e-04
4.60700e+00   -7.32436e-04
4.60800e+00   -7.32996e-04
4.60900e+00   -7.33534e-04
4.61000e+00   -7.34051e-04
4.61100e+00   -7.34542e-04
4.61200e+00   -7.35008e-04
4.61300e+00   -7.35444e-04
4.61400e+00   -7.35852e-04
4.61500e+00   -7.36230e-04
4.61600e+00   -7.36577e-04
4.61700e+00   -7.36891e-04
4.61800e+00   -7.37177e-04
4.61900e+00   -7.37430e-04
4.62000e+00   -7.37652e-04
4.62100e+00   -7.37844e-04
4.62200e+00   -7.38002e-04
4.62300e+00   -7.38129e-04
4.62400e+00   -7.38220e-04
4.62500e+00   -7.38279e-04
4.62600e+00   -7.38301e-04
4.62700e+00   -7.38287e-04
4.62800e+00   -7.38237e-04
4.62900e+00   -7.38150e-04
4.63000e+00   -7.38024e-04
4.63100e+00   -7.37858e-04
4.63200e+00   -7.37654e-04
4.63300e+00   -7.37411e-04
4.63400e+00   -7.37129e-04
4.63500e+00   -7.36811e-04
4.63600e+00   -7.36460e-04
4.63700e+00   -7.36073e-04
4.63800e+00   -7.35656e-04
4.63900e+00   -7.35211e-04
4.64000e+00   -7.34742e-04
4.64100e+00   -7.34252e-04
4.64200e+00   -7.33743e-04
4.64300e+00   -7.33223e-04
4.64400e+00   -7.32692e-04
4.64500e+00   -7.32155e-04
4.64600e+00   -7.31618e-04
4.64700e+00   -7.31084e-04
4.64800e+00   -7.30556e-04
4.64900e+00   -7.30031e-04
4.65000e+00   -7.29518e-04
4.65100e+00   -7.29020e-04
4.65200e+00   -7.28534e-04
4.65300e+00   -7.28061e-04
4.65400e+00   -7.27608e-04
4.65500e+00   -7.27171e-04
4.65600e+00   -7.26744e-04
4.65700e+00   -7.26336e-04
4.65800e+00   -7.25950e-04
4.65900e+00   -7.25578e-04
4.66000e+00   -7.25218e-04
4.66100e+00   -7.24879e-04
4.66200e+00   -7.24558e-04
4.66300e+00   -7.24248e-04
4.66400e+00   -7.23950e-04
4.66500e+00   -7.23666e-04
4.66600e+00   -7.23392e-04
4.66700e+00   -7.23125e-04
4.66800e+00   -7.22860e-04
4.66900e+00   -7.22595e-04
4.67000e+00   -7.22330e-04
4.67100e+00   -7.22056e-04
4.67200e+00   -7.21771e-04
4.67300e+00   -7.21474e-04
4.67400e+00   -7.21157e-04
4.67500e+00   -7.20819e-04
4.67600e+00   -7.20458e-04
4.67700e+00   -7.20066e-04
4.67800e+00   -7.19647e-04
4.67900e+00   -7.19207e-04
4.68000e+00   -7.18739e-04
4.68100e+00   -7.18249e-04
4.68200e+00   -7.17737e-04
4.68300e+00   -7.17216e-04
4.68400e+00   -7.16686e-04
4.68500e+00   -7.16152e-04
4.68600e+00   -7.15622e-04
4.68700e+00   -7.15101e-04
4.68800e+00   -7.14595e-04
4.68900e+00   -7.14101e-04
4.69000e+00   -7.13630e-04
4.69100e+00   -7.13177e-04
4.69200e+00   -7.12745e-04
4.69300e+00   -7.12329e-04
4.69400e+00   -7.11924e-04
4.69500e+00   -7.11535e-04
4.69600e+00   -7.11152e-04
4.69700e+00   -7.10771e-04
4.69800e+00   -7.10392e-04
4.69900e+00   -7.10013e-04
4.70000e+00   -7.09630e-04
4.70100e+00   -7.09243e-04
4.70200e+00   -7.08853e-04
4.70300e+00   -7.08465e-04
4.70400e+00   -7.08075e-04
4.70500e+00   -7.07687e-04
4.70600e+00   -7.07306e-04
4.70700e+00   -7.06941e-04
4.70800e+00   -7.06586e-04
4.70900e+00   -7.06246e-04
4.71000e+00   -7.05928e-04
4.71100e+00   -7.05632e-04
4.71200e+00   -7.05364e-04
4.71300e+00   -7.05118e-04
4.71400e+00   -7.04896e-04
4.71500e+00   -7.04701e-04
4.71600e+00   -7.04530e-04
4.71700e+00   -7.04383e-04
4.71800e+00   -7.04257e-04
4.71900e+00   -7.04146e-04
4.72000e+00   -7.04054e-04
4.72100e+00   -7.03976e-04
4.72200e+00   -7.03907e-04
4.72300e+00   -7.03844e-04
4.72400e+00   -7.03788e-04
4.72500e+00   -7.03735e-04
4.72600e+00   -7.03682e-04
4.72700e+00   -7.03629e-04
4.72800e+00   -7.03574e-04
4.72900e+00   -7.03516e-04
4.73000e+00   -7.03455e-04
4.73100e+00   -7.03388e-04
4.73200e+00   -7.03313e-04
4.73300e+00   -7.03235e-04
4.73400e+00   -7.03151e-04
4.73500e+00   -7.03055e-04
4.73600e+00   -7.02944e-04
4.73700e+00   -7.02819e-04
4.73800e+00   -7.02677e-04
4.73900e+00   -7.02518e-04
4.74000e+00   -7.02336e-04
4.74100e+00   -7.02133e-04
4.74200e+00   -7.01910e-04
4.74300e+00   -7.01661e-04
4.74400e+00   -7.01384e-04
4.74500e+00   -7.01085e-04
4.74600e+00   -7.00763e-04
4.74700e+00   -7.00414e-04
4.74800e+00   -7.00041e-04
4.74900e+00   -6.99646e-04
4.75000e+00   -6.99228e-04
4.75100e+00   -6.98790e-04
4.75200e+00   -6.98329e-04
4.75300e+00   -6.97846e-04
4.75400e+00   -6.97352e-04
4.75500e+00   -6.96833e-04
4.75600e+00   -6.96304e-04
4.75700e+00   -6.95761e-04
4.75800e+00   -6.95199e-04
4.75900e+00   -6.94638e-04
4.76000e+00   -6.94066e-04
4.76100e+00   -6.93489e-04
4.76200e+00   -6.92913e-04
4.76300e+00   -6.92337e-04
4.76400e+00   -6.91768e-04
4.76500e+00   -6.91210e-04
4.76600e+00   -6.90669e-04
4.76700e+00   -6.90149e-04
4.76800e+00   -6.89659e-04
4.76900e+00   -6.89210e-04
4.77000e+00   -6.88801e-04
4.77100e+00   -6.88450e-04
4.77200e+00   -6.88161e-04
4.77300e+00   -6.87950e-04
4.77400e+00   -6.87827e-04
4.77500e+00   -6.87807e-04
4.77600e+00   -6.87907e-04
4.77700e+00   -6.88136e-04
4.77800e+00   -6.88510e-04
4.77900e+00   -6.89042e-04
4.78000e+00   -6.89744e-04
4.78100e+00   -6.90623e-04
4.78200e+00   -6.91687e-04
4.78300e+00   -6.92940e-04
4.78400e+00   -6.94379e-04
4.78500e+00   -6.96002e-04
4.78600e+00   -6.97791e-04
4.78700e+00   -6.99750e-04
4.78800e+00   -7.01844e-04
4.78900e+00   -7.04062e-04
4.79000e+00   -7.06377e-04
4.79100e+00   -7.08763e-04
4.79200e+00   -7.11206e-04
4.79300e+00   -7.13682e-04
4.79400e+00   -7.16204e-04
4.79500e+00   -7.18710e-04
4.79600e+00   -7.21264e-04
4.79700e+00   -7.23817e-04
4.79800e+00   -7.26383e-04
4.79900e+00   -7.28977e-04
4.80000e+00   -7.31595e-04
4.80100e+00   -7.34254e-04
4.80200e+00   -7.36937e-04
4.80300e+00   -7.39654e-04
4.80400e+00   -7.42404e-04
4.80500e+00   -7.45169e-04
4.80600e+00   -7.47946e-04
4.80700e+00   -7.50713e-04
4.80800e+00   -7.53500e-04
4.80900e+00   -7.56268e-04
4.81000e+00   -7.58808e-04
4.81100e+00   -7.61437e-04
4.81200e+00   -7.64009e-04
4.81300e+00   -7.66478e-04
4.81400e+00   -7.68915e-04
4.81500e+00   -7.71280e-04
4.81600e+00   -7.73580e-04
4.81700e+00   -7.75816e-04
4.81800e+00   -7.77990e-04
4.81900e+00   -7.80108e-04
4.82000e+00   -7.82160e-04
4.82100e+00   -7.84175e-04
4.82200e+00   -7.86147e-04
4.82300e+00   -7.88078e-04
4.82400e+00   -7.89977e-04
4.82500e+00   -7.91852e-04
4.82600e+00   -7.93701e-04
4.82700e+00   -7.95517e-04
4.82800e+00   -7.97301e-04
4.82900e+00   -7.99051e-04
4.83000e+00   -8.00762e-04
4.83100e+00   -8.02428e-04
4.83200e+00   -8.04043e-04
4.83300e+00   -8.05588e-04
4.83400e+00   -8.07056e-04
4.83500e+00   -8.08435e-04
4.83600e+00   -8.09705e-04
4.83700e+00   -8.10850e-04
4.83800e+00   -8.11867e-04
4.83900e+00   -8.12738e-04
4.84000e+00   -8.13462e-04
4.84100e+00   -8.14037e-04
4.84200e+00   -8.14458e-04
4.84300e+00   -8.14724e-04
4.84400e+00   -8.14838e-04
4.84500e+00   -8.14812e-04
4.84600e+00   -8.14650e-04
4.84700e+00   -8.14373e-04
4.84800e+00   -8.13991e-04
4.84900e+00   -8.13522e-04
4.85000e+00   -8.12986e-04
4.85100e+00   -8.12403e-04
4.85200e+00   -8.11785e-04
4.85300e+00   -8.11159e-04
4.85400e+00   -8.10539e-04
4.85500e+00   -8.09935e-04
4.85600e+00   -8.09367e-04
4.85700e+00   -8.08843e-04
4.85800e+00   -8.08369e-04
4.85900e+00   -8.07951e-04
4.86000e+00   -8.07591e-04
4.86100e+00   -8.07288e-04
4.86200e+00   -8.07042e-04
4.86300e+00   -8.06852e-04
4.86400e+00   -8.06714e-04
4.86500e+00   -8.06627e-04
4.86600e+00   -8.06581e-04
4.86700e+00   -8.06579e-04
4.86800e+00   -8.06618e-04
4.86900e+00   -8.06699e-04
4.87000e+00   -8.06817e-04
4.87100e+00   -8.06975e-04
4.87200e+00   -8.07172e-04
4.87300e+00   -8.07406e-04
4.87400e+00   -8.07674e-04
4.87500e+00   -8.07983e-04
4.87600e+00   -8.08333e-04
4.87700e+00   -8.08724e-04
4.87800e+00   -8.09155e-04
4.87900e+00   -8.09627e-04
4.88000e+00   -8.10134e-04
4.88100e+00   -8.10678e-04
4.88200e+00   -8.11254e-04
4.88300e+00   -8.11866e-04
4.88400e+00   -8.12511e-04
4.88500e+00   -8.13184e-04
4.88600e+00   -8.13890e-04
4.88700e+00   -8.14625e-04
4.88800e+00   -8.15393e-04
4.88900e+00   -8.16190e-04
4.89000e+00   -8.17020e-04
4.89100e+00   -8.17881e-04
4.89200e+00   -8.18771e-04
4.89300e+00   -8.19698e-04
4.89400e+00   -8.20651e-04
4.89500e+00   -8.21634e-04
4.89600e+00   -8.22649e-04
4.89700e+00   -8.23689e-04
4.89800e+00   -8.24753e-04
4.89900e+00   -8.25840e-04
4.90000e+00   -8.26951e-04
4.90100e+00   -8.28078e-04
4.90200e+00   -8.29224e-04
4.90300e+00   -8.30384e-04
4.90400e+00   -8.31553e-04
4.90500e+00   -8.32733e-04
4.90600e+00   -8.33921e-04
4.90700e+00   -8.35112e-04
4.90800e+00   -8.36313e-04
4.90900e+00   -8.37518e-04
4.91000e+00   -8.38730e-04
4.91100e+00   -8.39948e-04
4.91200e+00   -8.41172e-04
4.91300e+00   -8.42402e-04
4.91400e+00   -8.43641e-04
4.91500e+00   -8.44883e-04
4.91600e+00   -8.46133e-04
4.91700e+00   -8.47390e-04
4.91800e+00   -8.48653e-04
4.91900e+00   -8.49917e-04
4.92000e+00   -8.51178e-04
4.92100e+00   -8.52440e-04
4.92200e+00   -8.53693e-04
4.92300e+00   -8.54937e-04
4.92400e+00   -8.56168e-04
4.92500e+00   -8.57378e-04
4.92600e+00   -8.58560e-04
4.92700e+00   -8.59716e-04
4.92800e+00   -8.60837e-04
4.92900e+00   -8.61922e-04
4.93000e+00   -8.62962e-04
4.93100e+00   -8.63959e-04
4.93200e+00   -8.64902e-04
4.93300e+00   -8.65796e-04
4.93400e+00   -8.66632e-04
4.93500e+00   -8.67411e-04
4.93600e+00   -8.68130e-04
4.93700e+00   -8.68793e-04
4.93800e+00   -8.69393e-04
4.93900e+00   -8.69935e-04
4.94000e+00   -8.70420e-04
4.94100e+00   -8.70848e-04
4.94200e+00   -8.71222e-04
4.94300e+00   -8.71546e-04
4.94400e+00   -8.71817e-04
4.94500e+00   -8.72043e-04
4.94600e+00   -8.72226e-04
4.94700e+00   -8.72368e-04
4.94800e+00   -8.72475e-04
4.94900e+00   -8.72549e-04
4.95000e+00   -8.72588e-04
4.95100e+00   -8.72598e-04
4.95200e+00   -8.72584e-04
4.95300e+00   -8.72544e-04
4.95400e+00   -8.72478e-04
4.95500e+00   -8.72390e-04
4.95600e+00   -8.72280e-04
4.95700e+00   -8.72146e-04
4.95800e+00   -8.71990e-04
4.95900e+00   -8.71811e-04
4.96000e+00   -8.71608e-04
4.96100e+00   -8.71378e-04
4.96200e+00   -8.71127e-04
4.96300e+00   -8.70846e-04
4.96400e+00   -8.70542e-04
4.96500e+00   -8.70212e-04
4.96600e+00   -8.69856e-04
4.96700e+00   -8.69474e-04
4.96800e+00   -8.69069e-04
4.96900e+00   -8.68642e-04
4.97000e+00   -8.68198e-04
4.97100e+00   -8.67735e-04
4.97200e+00   -8.67258e-04
4.97300e+00   -8.66772e-04
4.97400e+00   -8.66280e-04
4.97500e+00   -8.65787e-04
4.97600e+00   -8.65297e-04
4.97700e+00   -8.64819e-04
4.97800e+00   -8.64357e-04
4.97900e+00   -8.63920e-04
4.98000e+00   -8.63512e-04
4.98100e+00   -8.63143e-04
4.98200e+00   -8.62821e-04
4.98300e+00   -8.62555e-04
4.98400e+00   -8.62354e-04
4.98500e+00   -8.62230e-04
4.98600e+00   -8.62189e-04
4.98700e+00   -8.62243e-04
4.98800e+00   -8.62402e-04
4.98900e+00   -8.62676e-04
4.99000e+00   -8.63075e-04
4.99100e+00   -8.63606e-04
4.99200e+00   -8.64271e-04
4.99300e+00   -8.65073e-04
4.99400e+00   -8.66023e-04
4.99500e+00   -8.67109e-04
4.99600e+00   -8.68331e-04
4.99700e+00   -8.69680e-04
4.99800e+00   -8.71133e-04
4.99900e+00   -8.72673e-04
5.00000e+00   -8.74304e-04
